Compendium of diagrams that are

(1) Southeast
(2) Not northeast


The following are bounded - not bounded by CHMP

{
(2,2) (3,1) (3,2) (4,2) (5,1)
(1,3) (2,2) (3,1) (3,2) (4,2) (5,1)
(1,3) (2,3) (2,2) (3,1) (3,2) (4,2) (5,1)
(2,2) (3,1) (3,2) (4,2) (5,1) (2,3) (3,3) (4,3)
(2,2) (3,1) (3,2) (4,2) (5,1) (2,3) (3,3) 
(2,1) (2,2) (3,2) (4,1)
(3,1) (3,2) (2,2)
}


The following are not bounded

{
(1,3) (3,1) (3,2) (3,3) (4,1) (4,3)
(2,2) (2,3) (3,1) (3,2) (3,3) (4,2) (4,3) (5,1) (5,3)
(2,1) (2,2) (3,2) (1,3)
(3,1) (3,2) (4,2) (2,3)
}
